Importance of components:
                          Comp.1    Comp.2    Comp.3    Comp.4     Comp.5       Comp.6       Comp.7
Standard deviation     2.2328943 0.9609634 0.8306910 0.4192036 0.34651687 1.698153e-02 1.064077e-02
Proportion of Variance 0.7230514 0.1339203 0.1000718 0.0254849 0.01741332 4.182023e-05 1.642023e-05
Cumulative Proportion  0.7230514 0.8569717 0.9570435 0.9825284 0.99994176 9.999836e-01 1.000000e+00

               Comp.1      Comp.2     Comp.3      Comp.4     Comp.5        Comp.6       Comp.7
P_GRAD      0.3682422  0.34124400  0.3709354  0.77307907  0.1110529  0.0180245533  0.006947215
P_MEST      0.4276365  0.02684731 -0.3079101 -0.05440238 -0.2332626  0.7038966202  0.410799381
P_DOUTOR   -0.3268808 -0.32572916 -0.6490313  0.59590933  0.1031165  0.0080769853 -0.001279060
P_SEM_INST  0.4228933 -0.25934535 -0.1193471  0.04226642 -0.4184515 -0.6515924180  0.371748230
P_FUND      0.4096024  0.06331921 -0.2917788 -0.19645433  0.8128765 -0.1833539742  0.100501338
P_ENSMED   -0.2123369  0.83883536 -0.3924457 -0.05167463 -0.1764143 -0.2143547805  0.132342126
P_ENSSUP   -0.4277545 -0.04264008  0.3049007  0.03507389  0.2358621 -0.0003081605  0.815709669
