<span align="center">

##  CC | USP 👋 

</span>

<div align="center">
<img src="https://s.yimg.com/ny/api/res/1.2/hzvlhqZAdj143teoN.iRPw--/YXBwaWQ9aGlnaGxhbmRlcjt3PTEyMDA7aD04MDA-/https://s.yimg.com/os/creatr-uploaded-images/2021-07/c8e666a0-ef35-11eb-bf7f-fa3c275ddb03"/>
</div>


<p align="center">
  XXxxxxxxxxxxxxxxxxxxxxxxxxxxxxx. <br>xxxxxxxxxxxxxxxxxxxxxxxxxx <strong>xxxxxxxxxxxxxxxxxxxx</strong>! <br> xxxxxxxxxxxxxxxx <strong>xxxxxxxxxxxxxxxxxxxx</strong> xxxxxxxxxxxxxxxxxxxxxxxxxxxxxxxxxxx <strong>xxxxxxxxxxxxxxxxxxxxxxxxxxxx</strong>.<br />
<strong>xxxxxxxxxxxxxxxxxxxxxxxxxxxx </strong>xxxxxxxxxxxxxxxxxxxxxxxxx<strong> xxxxxxxxxxxxxxxxxxxxxxxxxxxxxxx </strong>xxxxxxxxxxxxxxx <strong>xxxxxxxxxxxxxxxxxxxxxxxxxxxxxx</strong> xxxxxxxxxxxxxxxxxxxxxxxxxxxxx <strong>xxxxxxxxxxxxxxxxxxxxxxxxx</strong>.
</p>




<h2>EDUCATION</h2>
<p>  
<div align="left">
<img src="https://user-images.githubusercontent.com/32683908/209657479-d5e571a8-2195-4108-9b51-72585e516de1.png"/>
</div>
</p>
<p>Plot</p>
<p>  
<div align="left">
<img src="https://user-images.githubusercontent.com/32683908/209657483-1c37cc35-ddc6-4ffd-acf1-180d1a202168.png"/>
</div>
</p>
<p>PCA</p>
<p>  
<div align="left">
<img src="https://user-images.githubusercontent.com/32683908/209657481-0bb898f0-587f-46c6-90e1-e8c1c9583ac6.png"/>
</div>
</p>
</p>
<p>PCA loadings</p>
<pre><code>
Importance of components:
                          Comp.1    Comp.2    Comp.3    Comp.4     Comp.5       Comp.6       Comp.7
Standard deviation     2.2328943 0.9609634 0.8306910 0.4192036 0.34651687 1.698153e-02 1.064077e-02
Proportion of Variance 0.7230514 0.1339203 0.1000718 0.0254849 0.01741332 4.182023e-05 1.642023e-05
Cumulative Proportion  0.7230514 0.8569717 0.9570435 0.9825284 0.99994176 9.999836e-01 1.000000e+00

               Comp.1      Comp.2     Comp.3      Comp.4     Comp.5        Comp.6       Comp.7
P_GRAD      0.3682422  0.34124400  0.3709354  0.77307907  0.1110529  0.0180245533  0.006947215
P_MEST      0.4276365  0.02684731 -0.3079101 -0.05440238 -0.2332626  0.7038966202  0.410799381
P_DOUTOR   -0.3268808 -0.32572916 -0.6490313  0.59590933  0.1031165  0.0080769853 -0.001279060
P_SEM_INST  0.4228933 -0.25934535 -0.1193471  0.04226642 -0.4184515 -0.6515924180  0.371748230
P_FUND      0.4096024  0.06331921 -0.2917788 -0.19645433  0.8128765 -0.1833539742  0.100501338
P_ENSMED   -0.2123369  0.83883536 -0.3924457 -0.05167463 -0.1764143 -0.2143547805  0.132342126
P_ENSSUP   -0.4277545 -0.04264008  0.3049007  0.03507389  0.2358621 -0.0003081605  0.815709669
</code></pre>




<h2>MOBILITY</h2>
<p>  
<div align="left">
<img src="https://user-images.githubusercontent.com/32683908/209657485-1c3f4a08-4d6f-4474-a77c-7cb83e3b2894.png"/>
</div>
</p>
<p>Plot</p>
<p>  
<div align="left">
<img src="https://user-images.githubusercontent.com/32683908/209657487-64162951-1c7c-4edd-87f9-2d7678a292f9.png"/>
</div>
</p>
<p>PCA</p>
<p>  
<div align="left">
<img src="https://user-images.githubusercontent.com/32683908/209657486-b37c864a-d1ea-4e0e-b0e2-4473e18e816f.png"/>
</div>
</p>
<p>PCA loadings</p>
<pre><code>
Importance of components:
                          Comp.1    Comp.2    Comp.3    Comp.4     Comp.5     Comp.6
Standard deviation     1.6692000 1.1304131 0.8619957 0.8002636 0.61478006 0.29150074
Proportion of Variance 0.4714074 0.2161991 0.1257158 0.1083542 0.06394685 0.01437669
Cumulative Proportion  0.4714074 0.6876065 0.8133223 0.9216765 0.98562331 1.00000000

                 Comp.1      Comp.2     Comp.3      Comp.4      Comp.5      Comp.6
P_OUTROMUNC  0.20326544  0.63261147  0.3889769  0.59304754  0.23509769  0.01437239
P_CASADIA    0.08377814 -0.72109091  0.1039276  0.67586804 -0.01338022  0.07232943
P_ATE5      -0.35864410  0.18192564 -0.8034560  0.35842754  0.24091700  0.07889594
P_6A30      -0.53631461  0.12208317  0.2219951  0.08482649 -0.48502780  0.63697175
P_1A2        0.55955384 -0.03554048 -0.1776989 -0.15549858  0.25210066  0.75254563
P_MAISDE2    0.47149224  0.17483207 -0.3339097  0.17790832 -0.76661746 -0.12759068
</code></pre>


<h2>POVERTY</h2>
<p>  
<div align="left">
<img src="https://user-images.githubusercontent.com/32683908/209657489-a9eb44fe-7686-45a5-9df2-43654bf07ea8.png"/>
</div>
</p>
<p>Plot</p>
<p>  
<div align="left">
<img src="https://user-images.githubusercontent.com/32683908/209657494-5d628925-a609-4cd2-bf78-0dd02dffa4d1.png"/>
</div>
</p>
<p>PCA</p>
<p>  
<div align="left">
<img src="https://user-images.githubusercontent.com/32683908/209657492-b4680778-a36b-4ea9-8c93-c96c2c044bb6.png"/>
</div>
</p>
<p>PCA loadings</p>
<pre><code>
Importance of components:
                          Comp.1    Comp.2     Comp.3     Comp.4      Comp.5
Standard deviation     1.9288127 0.9803175 0.37223743 0.30914731 0.099496448
Proportion of Variance 0.7553374 0.1951167 0.02813202 0.01940402 0.002009907
Cumulative Proportion  0.7553374 0.9504540 0.97858607 0.99799009 1.000000000

                  Comp.1     Comp.2      Comp.3      Comp.4       Comp.5
M_DENSMORA     0.4861485 0.01021458  0.87272578  0.04314060  0.006628859
P_POBREZA      0.5056667 0.01072099 -0.26481552 -0.44928436  0.687169984
P_PPI_POBREZA  0.5063149 0.05313789 -0.25809767 -0.38555067 -0.724953691
P_BOLSA_FAM    0.4884831 0.15384614 -0.31368402  0.79860245  0.039396635
P_OUTROSPROG  -0.1139753 0.98655383  0.05666026 -0.09933411  0.025367734
</code></pre>



<h2>DEPRIV</h2>
<p>  
<div align="left">
<img src="https://user-images.githubusercontent.com/32683908/209657495-82a39bbd-e202-4080-be4d-dd0cf468050d.png"/>
</div>
</p>
<p>Plot</p>
<p>  
<div align="left">
<img src="https://user-images.githubusercontent.com/32683908/209657499-27bafef8-6b46-4953-8eff-d7cef801942c.png"/>
</div>
</p>
<p>PCA</p>
<p>  
<div align="left">
<img src="https://user-images.githubusercontent.com/32683908/209657498-41b6a0e6-ab01-45fc-ad45-e24527a3fa06.png"/>
</div>
</p>
<p>PCA loadings</p>
<pre><code>
Importance of components:
                          Comp.1     Comp.2     Comp.3     Comp.4     Comp.5     Comp.6     Comp.7
Standard deviation     3.5527600 1.25406771 1.12039853 0.86208579 0.76579023 0.75225188 0.61089084
Proportion of Variance 0.6743867 0.08402707 0.06706908 0.03970802 0.03133263 0.03023457 0.01993905
Cumulative Proportion  0.6743867 0.75841378 0.82548285 0.86519087 0.89652351 0.92675808 0.94669713
                           Comp.8     Comp.9    Comp.10    Comp.11     Comp.12     Comp.13
Standard deviation     0.52361686 0.49673765 0.47825065 0.33282653 0.267535624 0.237246795
Proportion of Variance 0.01464888 0.01318352 0.01222048 0.00591852 0.003824199 0.003007308
Cumulative Proportion  0.96134602 0.97452954 0.98675002 0.99266854 0.996492739 0.999500048
                            Comp.14      Comp.15      Comp.16      Comp.17      Comp.18
Standard deviation     0.0788534083 0.0481522039 2.615188e-02 1.170041e-02 6.353808e-08
Proportion of Variance 0.0003322142 0.0001238824 3.654124e-05 7.314418e-06 2.156977e-16
Cumulative Proportion  0.9998322619 0.9999561443 9.999927e-01 1.000000e+00 1.000000e+00
                            Comp.19
Standard deviation     9.408299e-09
Proportion of Variance 4.729329e-18
Cumulative Proportion  1.000000e+00

                      Comp.1       Comp.2      Comp.3       Comp.4      Comp.5       Comp.6
P_ALVSREV         0.25287296  0.082680847  0.26054332  0.086450660  0.06291327  0.058331938
P_REDE_ESG       -0.18860457 -0.315068600 -0.07203665 -0.320444895  0.28934792  0.581092136
P_REDE_AGUA      -0.08888626 -0.563444374  0.12431657  0.485245959 -0.30670877  0.393559374
P_LIXO           -0.10571763  0.194902312 -0.72567530  0.186192650 -0.15721411 -0.035442640
P_ENERGIA        -0.11195296 -0.559708037 -0.06588631  0.239148185  0.13846574 -0.632062927
P_TV             -0.22726578  0.099328549  0.04164174 -0.094086685  0.41285307 -0.051339021
P_MAQLAV         -0.27110702  0.048279158  0.13039959  0.006916911  0.05190188  0.007027964
P_GELADEIRA      -0.22342106  0.126927980  0.17993105  0.181774982  0.20762081 -0.007354067
P_MAQTVGEL       -0.27125581  0.052002443  0.12838637  0.007922404  0.05811613  0.002131978
P_CELULAR        -0.23254520  0.283931314  0.08514764  0.277765051 -0.17632849  0.013921374
P_COMP_INT       -0.25806994 -0.057497826  0.07174018 -0.051458952  0.24703279 -0.119524422
P_CELCOMPINT     -0.25819750 -0.049378126  0.09545365 -0.017640714  0.23225180 -0.114376681
P_MOTO            0.19180668  0.135286161 -0.21247812  0.519616345  0.54469406  0.185392707
P_CARRO          -0.26392041  0.157653721  0.09033011  0.165138631 -0.09924999  0.053807081
P_ADEQ           -0.25237633 -0.090890496 -0.26280555 -0.083066890 -0.05358086 -0.044496286
P_TUDOADEQ       -0.24642100 -0.081356702 -0.37741798 -0.099840454  0.03372250  0.148654713
P_NEM_MOTO_CARRO  0.25823228 -0.178256434 -0.09963073 -0.228901869  0.07035852 -0.073202272
P_SO_MOTO         0.25495513 -0.006588612 -0.01897710  0.249192097  0.25829497  0.072811455
P_SO_CARRO       -0.26521208  0.133929452  0.12774642  0.108478343 -0.16266624  0.031162404
                      Comp.7      Comp.8      Comp.9     Comp.10     Comp.11      Comp.12
P_ALVSREV         0.16102915  0.10055890  0.34048878  0.36170975  0.05765935  0.001857338
P_REDE_ESG       -0.07417486 -0.25502442  0.13829230  0.34347612  0.20545265 -0.048687955
P_REDE_AGUA       0.22374862  0.23831424  0.05948504 -0.23920147 -0.06757760  0.027986031
P_LIXO            0.28322153  0.27429245  0.23470889  0.26395706  0.08039035  0.018383403
P_ENERGIA        -0.03413459 -0.33083643  0.13549109  0.24039670  0.07773847  0.011052445
P_TV              0.48152969 -0.14877663  0.45961125 -0.51577302 -0.08656691 -0.096354274
P_MAQLAV         -0.05411891  0.08968117 -0.01106221  0.04454768  0.04576866  0.538309636
P_GELADEIRA       0.57709349 -0.04845394 -0.62087675  0.26931906  0.09819811 -0.132696908
P_MAQTVGEL       -0.05061248  0.08712736 -0.01581778  0.03289123  0.04276135  0.529174240
P_CELULAR        -0.12912434 -0.22145645  0.15390831 -0.14267175  0.67809333  0.077017687
P_COMP_INT       -0.17608396  0.50599123  0.02708225  0.03392470 -0.01292934 -0.175983128
P_CELCOMPINT     -0.19546397  0.49774043  0.04986084  0.02808024  0.08115352 -0.146453781
P_MOTO           -0.23018386 -0.10749558 -0.06103270 -0.02745846 -0.29002615  0.243610323
P_CARRO          -0.13710812 -0.14335110  0.09345223  0.12303400 -0.27382585 -0.171572149
P_ADEQ           -0.16177403 -0.11061182 -0.33940858 -0.36848303 -0.04362487 -0.030595816
P_TUDOADEQ       -0.03145178 -0.05827079 -0.09620029  0.01060369  0.03834360 -0.075224309
P_NEM_MOTO_CARRO  0.18558204  0.14822817 -0.08911967 -0.11294766  0.23664850  0.250233360
P_SO_MOTO        -0.17977983  0.09011538 -0.10435304 -0.16399102  0.45440239 -0.334265714
P_SO_CARRO       -0.12303186 -0.11228641  0.09058072  0.10563956 -0.15752843 -0.267598325
                     Comp.13      Comp.14      Comp.15       Comp.16       Comp.17       Comp.18
P_ALVSREV         0.02268856  0.279021465  0.031185609  6.928150e-01  0.0321230586  3.562134e-07
P_REDE_ESG        0.01410826 -0.287652212  0.026429427  2.265526e-03  0.0052757406 -4.041139e-08
P_REDE_AGUA       0.03838250  0.011908614 -0.012384920 -3.666538e-03 -0.0027244268 -5.074155e-09
P_LIXO           -0.13783036 -0.236669318  0.036194353  1.460011e-02  0.0068093134 -8.510546e-09
P_ENERGIA        -0.03154438  0.004847165 -0.005770078 -2.566992e-05 -0.0008366471  1.886628e-09
P_TV             -0.08013442  0.010658723  0.011505276 -7.921846e-03  0.0060441990  1.372689e-08
P_MAQLAV         -0.32249755  0.070977435 -0.006166898 -3.569915e-02  0.6993351219 -3.857154e-07
P_GELADEIRA       0.05976638 -0.032387656  0.009650277 -2.123818e-03  0.0043790450  9.862165e-09
P_MAQTVGEL       -0.31832242  0.022624803 -0.003366452  5.723929e-02 -0.7108591394  3.926376e-07
P_CELULAR         0.40843272 -0.021494505 -0.082639430  2.479874e-03  0.0007661634 -4.776606e-08
P_COMP_INT        0.15151640 -0.106468953 -0.697806730  7.507994e-02  0.0083431439 -3.873871e-08
P_CELCOMPINT      0.21883783  0.044916512  0.694144894 -7.366860e-02 -0.0042122224 -4.594983e-10
P_MOTO            0.25112991 -0.020900687 -0.002944191  9.293231e-04  0.0033784846  8.064141e-02
P_CARRO          -0.05964969 -0.011196692  0.014624120 -1.025634e-03  0.0002596787  4.389387e-01
P_ADEQ           -0.01705774 -0.193915465  0.109430158  7.083744e-01  0.0578016632  3.319837e-07
P_TUDOADEQ        0.04793722  0.850003826 -0.090939070 -4.535319e-02 -0.0315915735  7.778508e-08
P_NEM_MOTO_CARRO  0.17038150  0.005377177 -0.015963659  3.555736e-03 -0.0001300811  7.770793e-01
P_SO_MOTO        -0.62244524  0.044681350 -0.004081900 -1.450790e-02 -0.0009996072  6.355643e-02
P_SO_CARRO       -0.19785763 -0.000952219  0.014758704 -3.338167e-03 -0.0005038002  4.392473e-01
                       Comp.19
P_ALVSREV         0.000000e+00
P_REDE_ESG        3.880195e-15
P_REDE_AGUA      -2.732454e-15
P_LIXO            8.456416e-15
P_ENERGIA        -1.421555e-15
P_TV              1.048626e-14
P_MAQLAV          8.281977e-13
P_GELADEIRA       7.100842e-15
P_MAQTVGEL       -8.513961e-13
P_CELULAR        -8.424299e-16
P_COMP_INT        4.337121e-14
P_CELCOMPINT     -3.844677e-14
P_MOTO            1.272423e-01
P_CARRO          -7.022202e-01
P_ADEQ            3.479387e-14
P_TUDOADEQ       -3.840894e-14
P_NEM_MOTO_CARRO  1.451369e-07
P_SO_MOTO        -1.016784e-01
P_SO_CARRO        6.930784e-01
</code></pre>



<h2>INCOME</h2>
<p>  
<div align="left">
<img src="https://user-images.githubusercontent.com/32683908/209657502-f8b322be-39ec-43ec-a40e-dc64cf5174c4.png"/>
</div>
</p>
<p>Plot</p>
<p>  
<div align="left">
<img src="https://user-images.githubusercontent.com/32683908/209657504-ff88835a-e909-44a0-9898-c7516828cb3d.png"/>
</div>
</p>
<p>PCA</p>
<p>  
<div align="left">
<img src="https://user-images.githubusercontent.com/32683908/209657503-e45e0c4f-1c40-4865-bdd5-85fad8321bc9.png"/>
</div>
</p>
<p></p>
<p>PCA loadings</p>
<pre><code>
Importance of components:
                          Comp.1
Standard deviation     0.9925093
Proportion of Variance 1.0000000
Cumulative Proportion  1.0000000

     Comp.1
[1,]      1
</code></pre>


<h2>WEALTH</h2>
<p>  
<div align="left">
<img src="https://user-images.githubusercontent.com/32683908/209657506-5cf7c8bb-8b6c-49b7-a4ff-2781f35a07b5.png"/>
</div>
</p>
<p>Plot</p>
<p>  
<div align="left">
<img src="https://user-images.githubusercontent.com/32683908/209657509-c230fb17-587c-45a8-befa-b8c9b00465c1.png"/>
</div>
</p>
<p>PCA</p>
<p>  
<div align="left">
<img src="https://user-images.githubusercontent.com/32683908/209657507-10f409da-1ca0-4145-88ec-fea0646fe28b.png"/>
</div>
</p>
<p>PCA loadings</p>
<pre><code>
Importance of components:
                         Comp.1     Comp.2     Comp.3
Standard deviation     1.658606 0.33726756 0.30083380
Proportion of Variance 0.930885 0.03849096 0.03062407
Cumulative Proportion  0.930885 0.96937593 1.00000000

                 Comp.1     Comp.2     Comp.3
P_ALUG100     0.5795747  0.1970409  0.7907389
P_BANH4OUMAIS 0.5751902 -0.7862790 -0.2256580
P_IDOSO10SM   0.5772776  0.5856109 -0.5690435
</code></pre>


<h2>SEGREGATION</h2>
<p>  
<div align="left">
<img src="https://user-images.githubusercontent.com/32683908/209657513-5a3de5b5-d9d9-4a17-b5ed-48ec3d6195b3.png"/>
</div>
</p>
<p>Plot</p>
<p>  
<div align="left">
<img src="https://user-images.githubusercontent.com/32683908/209657518-7cc360a3-8cf4-4953-9922-333f3aa5e832.png"/>
</div>
</p>
<p>PCA</p>
<p>  
<div align="left">
<img src="https://user-images.githubusercontent.com/32683908/209657515-14099c0b-86d5-4523-8bca-17b1f39bdde5.png"/>
</div>
</p>
<p>PCA loadings</p>
<pre><code>
Importance of components:
                          Comp.1    Comp.2    Comp.3     Comp.4      Comp.5
Standard deviation     1.7966510 0.9816427 0.8268633 0.20205780 0.096257244
Proportion of Variance 0.6553727 0.1956445 0.1388124 0.00828919 0.001881169
Cumulative Proportion  0.6553727 0.8510172 0.9898296 0.99811883 1.000000000

                    Comp.1     Comp.2      Comp.3       Comp.4      Comp.5
ICE_renda        0.2660962  0.6655206  0.69439001  0.009282794  0.06333624
ICE_edu          0.5247382 -0.2700371  0.02960099  0.783190080  0.19356354
ICE_renda_preto  0.5385877 -0.1653389 -0.09495970 -0.562074676  0.59803092
ICE_renda_ppi    0.5333484 -0.2341693  0.09338880 -0.252022218 -0.76711641
ICE_branco_renda 0.2816121  0.6340269 -0.70654616  0.084166434 -0.11141409
</code></pre>





